direction							
1	2243							
1	2731							
1	2360						
1	2520		
1	2476			
1	2548			
1	2696							
1	2644							
1	2883							
1	2863	
1	2913		
1	2884			
1	2712							
1	2908					
1	2864							
1	3814							
1	2833							
1	2870							
1	2814							
1	3376							
1	3160							
1	3104							
1	2983							
1	3014							
1	3172							
1	2948							
1	2854							
1	2850							
1	2886							
1	3145							
1	3061							
1	2962							
1	3301							
1	3251							
1	3108							
1	2867							
1	2973							
1	3189							
1	3124							
1	3057							
1	2986							
1	2882							
1	3236							
1	3302							
1	3295							
1	3008							
1	4004							
1	3529							
1	3333							
1	2923							
1	4080							
1	3099							
1	2686							
1	3092							
1	3246							
1	3888							
1	3321							
1	4386							
1	3426							
1	3284							
1	3514							
1	3667							
1	3628							
1	3669							
1	3401							
1	4107							
1	4025							
1	4031							
1	4338							
1	3951							
1	4338							
1	4382							
1	3485							
1	3099							
1	3104							
1	3206							
1	3767							
1	2923							
1	3076							
1	3958							
1	2823							
1	3423							
1	3830							
1	3035							
1	3041							
1	3140							
1	3300							
1	3467							
1	3194							
1	3510							
1	3143							
1	3178							
1	3672							
1	3362							
1	3160							
1	3021							
1	2943							
1	3061							
1	2888							
1	2986							
1	3161							
1	3274							
1	3233							
1	2932							
1	2718							
1	3274							
1	3483							
1	2915							
1	3716							
1	3974							
1	4299							
1	3638							
1	3994							
1	3174							
1	3243							
1	3270							
1	3433							
1	3383							
1	3033							
1	3046							
1	2871							
1	2920							
1	3175							
1	2682							
1	2445							
1	2584							
1	3305							
1	2575							
1	2531							
1	2636							
1	2800							
1	2816							
1	2725							
1	2537							
1	2801							
1	2583							
1	2474							
1	2489							
1	2576							
1	2772							
1	2624							
1	2669							
1	2510							
1	2619							
1	2643							
1	2796							
1	3008							
1	3659							
1	3610							
1	2794							
1	3593							
1	2740							
1	2749							
1	2929							
1	3041							
1	2901							
1	2600							
1	2954							
1	2784							
1	2605							
1	3209							
1	2966							
1	2736							
1	2702							
1	2762							
1	2790							
1	2574							
1	2858							
1	2719							
1	2754							
1	2724							
1	2556							
1	2858							
1	2882							
1	2728							
1	2941							
1	3052							
1	2936							
1	2852							
1	2709							
1	2712							
1	2642							
1	2528							
1	2995							
1	2754							
1	2959							
1	2672							
1	2831							
1	3018							
1	2850							
1	2769							
1	2672							
1	2750							
1	2626							
1	2760							
1	3109							
1	2846							
1	2619							
1	2546							
1	2762							
1	2785							
1	2904							
1	2945							
1	2936							
1	3026							
1	2560							
1	2938							
1	2909							
1	2991							
1	2944							
1	3176							
1	2798							
1	2917							
1	2676							
1	2686							
1	2688							
1	2857							
1	2946							
1	3158							
1	2841							
1	2756							
1	2690							
1	3024							
1	5946							
1	3134							
1	3092							
1	2813							
1	3876							
1	2927							
1	2944							
1	2797							
1	3048							
1	2950							
1	3645							
1	2962							
1	3042							
1	4659							
1	3624							
1	3180							
1	3186							
1	4296							
1	3886							
1	3060							
1	3229							
1	2959							
1	2868							
1	2951							
1	2827							
1	3178							
1	3012							
1	3137							
1	3137							
1	3061							
1	3172							
1	3283							
1	3128							
1	3246							
1	3166							
1	2956							
1	2980							
1	2989							
1	3224							
1	3133							
1	4914							
1	3701							
1	3413							
1	3205							
1	2920							
1	3233							
1	3765							
1	3291							
1	2697							
1	3180							
1	2944							
1	3561							
1	4205							
1	3202							
1	3283							
1	3522							
1	3030							
1	4732							
1	3285							
1	3388							
1	3375							
1	3073							
1	4217							
1	3156							
1	3102							
1	3279							
1	3078							
1	2887							
1	3277							
1	2516							
1	2838							
1	3469							
1	2615							
1	2566							
1	2399							
1	2380							
1	2550							
1	3459							
1	2688							
1	3366							
1	2633							
1	2533							
1	2725							
1	2499							
1	2642							
1	2480							
1	2876							
1	2627							
1	2671							
1	2638							
1	2820							
1	2774							
1	2769							
1	2745							
1	2901							
1	2783							
1	2422							
1	3399							
1	2690							
1	2510							
1	3951							
1	2503							
1	2612							
1	2858							
1	2932							
1	2785							
1	3030							
1	2752							
1	2828							
1	2747							
1	2530							
1	2863							
1	2752							
1	2663							
1	2637							
1	2834							
1	2635							
1	2612							
1	2814							
1	2729							
1	2796							
1	2870							
1	3886							
1	2886							
1	2598							
1	2822							
1	2685							
1	2674							
1	2739							
1	2597							
1	2765							
1	2610							
1	2483							
1	2873							
1	2671							
1	2656							
1	2557							
1	2653							
1	2495							
1	2609							
1	2740							
1	2637							
1	2582							
1	2635							
1	2769							
1	2723							
1	3212							
1	3156							
1	3057							
1	2640							
1	2771							
1	2888							
1	2711							
1	2917							
1	2934							
1	2663							
1	2837							
1	3307							
1	3121							
1	2876							
1	2671							
1	2928							
1	2988							
1	2883							
1	2723							
1	2698							
1	3049							
1	2765							
1	2812							
1	2921							
1	2843							
1	3018							
1	3156							
1	3140							
1	3214							
1	3131							
1	3069							
1	2915							
1	3116							
1	2831							
1	3141							
1	3065							
1	3271							
1	3422							
1	3271							
1	3181							
1	3262							
1	3132							
1	3206							
1	2945							
1	3113							
1	2898							
1	3162							
1	2781							
1	3278							
1	2995							
1	3228							
1	3079							
1	3328							
1	3138							
1	3451							
1	3126							
1	3367							
1	3157							
1	3007							
1	3215							
1	2867							
1	3369							
1	3420							
1	2936							
1	3413							
1	4309							
1	4063							
1	3441							
1	3468							
1	3621							
1	4842							
1	4775							
1	2988							
1	3030							
1	2793							
1	2778							
1	2680							
1	3103							
1	3059							
1	2741							
1	2504							
1	3694							
1	2457							
1	2535							
1	2443							
1	2706							
1	2625							
1	2866							
1	2381							
1	2562							
1	2626							
1	2462							
1	2562							
1	2387							
1	2473							
1	2565							
1	2716							
1	2641							
1	2687							
1	2756							
1	2917							
1	2830							
1	2729							
1	2894							
1	2984							
1	2780							
1	2529							
1	2511							
1	2941							
1	2808							
1	2991							
1	2831							
1	2913							
1	3592							
1	2702							
1	2822							
1	2655							
1	3036							
1	3623							
1	3609							
1	3749							
1	2986							
1	2707							
1	3543							
1	3665							
1	2872							
1	2645							
1	2732							
1	2886							
1	3040							
1	2957							
1	2866							
1	3062							
1	2779							
1	2766							
1	2522							
1	2892							
1	2980							
1	3058							
1	4045							
1	2800							
1	2997							
1	4067							
1	2769							
1	2758							
1	2732							
1	2831							
1	2554							
1	2611							
1	2720							
1	2840							
1	2742							
1	2408							
1	3658							
1	2296							
1	2391							
1	2476							
1	2716							
1	2482							
1	2545							
1	2599							
1	2766							
1	2616							
1	2477							
1	2560							
1	2715							
1	2536							
1	2706							
1	2608							
1	2670							
1	2472							
1	2695							
1	2628							
1	2703							
1	2683							
1	2841							
1	2624							
1	2508							
1	2395							
1	2740							
1	2475							
1	2734							
1	2785							
1	2753							
1	2615							
1	2778							
1	2533							
1	2655							
1	2643							
1	2671							
1	2917							
1	2776							
1	2837							
1	2774							
1	3050							
1	2841							
1	2887							
1	2639							
1	2853							
1	2616							
1	3013							
1	2797							
1	2635							
1	2881							
1	2590							
1	2320							
1	2778							
1	2625							
1	2438							
1	2608							
1	2912							
1	3633							
1	3110							
1	2815							
1	2633							
1	2799							
1	2818							
1	2711							
1	3134							
1	2731							
1	2660							
1	2722							
1	3877							
1	2783							
1	2703							
1	2565							
1	2971							
1	2874							
1	2697							
1	2676							
1	2471							
1	2873							
1	2815							
1	2691							
1	2892							
1	3884							
1	2948							
1	2995							
1	3361							
1	3893							
1	3880							
1	4238							
1	3589							
1	3343							
1	3558							
1	3523							
1	3262							
1	2996							
1	2792							
1	3695							
1	3601							
1	3551							
1	3485							
1	3392							
1	3973							
1	4428							
1	4101							
1	3912							
1	4500							
1	3672							
1	3587							
1	3362							
1	3085							
1	3092							
1	3293							
1	3554							
1	3300							
1	3422							
1	3620							
1	3428							
1	2970							
1	3360							
1	3306							
1	2857							
1	3225							
1	3054							
1	3623							
1	3021							
1	3187							
1	3003							
1	2820							
1	3138							
1	4108							
1	3269							
1	2956							
1	3208							
1	3120							
1	3043							
1	3058							
1	2884							
1	3284							
1	3031							
1	3082							
1	2789							
1	2791							
1	2959							
1	3301							
1	3283							
1	3460							
1	3912							
1	3363							
1	3323							
1	3223							
1	3930							
1	3925							
1	3566							
1	4111							
1	3421							
1	3305							
1	4308							
1	3217							
1	3880							
1	3805							
1	3828							
1	3919							
1	3714							
1	3748							
1	3562							
1	2952							
1	3352							
1	3292							
1	3462							
1	3286							
1	2821							
1	2984							
1	2515							
1	2383							
1	2391							
1	2708							
1	2606							
1	2633							
1	2368							
1	2871							
1	2576							
1	2316							
1	2395							
1	2662							
1	2415							
1	2618							
1	2440							
1	2686							
1	2595							
1	2987							
1	2871							
1	2582							
1	2431							
1	2486							
1	2616							
1	2400							
1	3730							
1	2595							
1	2871							
1	2478							
1	2733							
1	2587							
1	2751							
1	2834							
1	3634							
1	2610							
1	2483							
1	2723							
1	2805							
1	3279							
1	3312							
1	3249							
1	2748							
1	3204							
1	3388							
1	2887							
1	2552							
1	2587							
1	2494							
1	2725							
1	2590							
1	2954							
1	2971							
1	2876							
1	2674							
1	2773							
1	2564							
1	2392							
1	2863							
1	2649							
1	2927							
1	2831							
1	2632							
1	2607							
1	2825							
1	2634							
1	2494							
1	2818							
1	2500							
1	2614							
1	2805							
1	2615							
1	2982							
1	2711							
1	2508							
1	2753							
1	2808							
1	2800							
1	2784							
1	2595							
1	3036							
1	2988							
1	2894							
1	3243							
1	2918							
1	2772							
1	2867							
1	3020							
1	4233							
1	2804							
1	3044							
1	3191							
1	2839							
1	2789							
1	2521							
1	2954							
1	3983							
1	3036							
1	3226							
1	3017							
1	3339							
1	3161							
1	2989							
1	2812							
1	2864							
1	3071							
1	2981							
1	2944							
1	3455							
1	3485							
1	3558							
1	3343							
1	3761							
1	3778							
1	2795							
1	3129							
1	3615							
1	3349							
1	3760							
1	3250							
1	3542							
1	3224							
1	3243							
1	2874							
1	2940							
1	3211							
1	3294							
1	3215							
1	3511							
1	3277							
1	2981							
1	3304							
1	2919							
1	3198							
1	3624							
1	3507							
1	3455							
1	3603							
1	3696							
1	3304							
1	3552							
1	3272							
1	3077							
1	4109							
1	3396							
1	3758							
1	3772							
1	3076							
1	3582							
1	2954							
1	3250							
1	3432							
1	4059							
1	3167							
1	3543							
1	3162							
1	3116							
1	2673							
1	2814							
1	3812							
1	2903							
1	2602							
1	2406							
1	2591							
1	2504							
1	2500							
1	2485							
1	2423							
1	2805							
1	2565							
1	2579							
1	2666							
1	2368							
1	2517							
1	2925							
1	2681							
1	2559							
1	2813							
1	2737							
1	2529							
1	2842							
1	2599							
1	2848							
1	2504							
1	2811							
1	2942							
1	2659							
1	2551							
1	2552							
1	2710							
1	2617							
1	2750							
1	2552							
1	2859							
1	2703							
1	2797							
1	2975							
1	2585							
1	2648							
1	2783							
1	2749							
1	2566							
1	3036							
1	3604							
1	2834							
1	2781							
1	2880							
1	2938							
1	2962							
1	2797							
1	3140							
1	3063							
1	2763							
1	2868							
1	2517							
1	2810							
1	2579							
1	2697							
1	2505							
1	2572							
1	2830							
1	2469							
1	2574							
1	2658							
1	2868							
1	2825							
1	2892							
1	2724							
1	2757							
1	2501							
1	2691							
1	2713							
1	2838							
1	2932							
1	2827							
1	2825							
1	3269							
1	3029							
1	3318							
1	3021							
1	3064							
1	2857							
1	3113							
1	2820							
1	3133							
1	2830							
1	2882							
1	2859							
1	2897							
1	2725							
1	2659							
1	2435							
1	2743							
1	3244							
1	3922							
1	3135							
1	3189							
1	3282							
1	2974							
1	2703							
1	3242							
1	2998							
1	2904							
1	2806							
1	3101							
1	2819							
1	3889							
1	2748							
1	3261							
1	3210							
1	3161							
1	3002							
1	3288							
1	3091							
1	3065							
1	2994							
1	3309							
1	3258							
1	3366							
1	3346							
1	3731							
1	2977							
1	3303							
1	3131							
1	2946							
1	2663							
1	2883							
1	3759							
1	2701							
1	2926							
1	3671							
1	3004							
1	2792							
1	3454							
1	2950							
1	2778							
1	2706							
1	3289							
1	2808							
1	2888							
1	3092							
1	3614							
1	2587							
1	2395							
1	2633							
1	2299							
1	2701							
1	2461							
1	2385							
1	2395							
1	2365							
1	2598							
1	2469							
1	2737							
1	2506							
1	2410							
1	2565							
1	2537							
1	2495							
1	2468							
1	2600							
1	2518							
1	2467							
1	2387							
1	2497							
1	2394							
1	2469							
1	2397							
1	2707							
1	2383							
1	3139							
1	3039							
1	2947							
1	2684							
1	2693							
1	2842							
1	3004							
1	2774							
1	2856							
1	2713							
1	2706							
1	2646							
1	2690							
1	2476							
1	2696							
1	2647							
1	2833							
1	2732							
1	2744							
1	2758							
1	3050							
1	3088							
1	2934							
1	2739							
1	3913							
1	2756							
1	3094							
1	2758							
1	2937							
1	2826							
1	3096							
1	2970							
1	2770							
1	2638							
1	2596							
1	2961							
1	2739							
1	2687							
1	2699							
1	2697							
1	2849							
1	2400							
1	2561							
1	2782							
1	2767							
1	2533							
1	2664							
1	2445							
1	2732							
1	2561							
1	2586							
1	3227							
1	2431							
1	2891							
1	2986							
1	3227							
1	3320							
1	3460							
1	2539							
1	2605							
1	2421							
1	3267							
1	4111							
1	2419							
1	2532							
1	2586							
1	2424							
1	2499							
1	2382							
1	2747							
1	2679							
1	2559							
1	2763							
1	2594							
1	2482							
1	2483							
1	2493							
1	2402							
1	2596							
1	2351							
1	2352							
1	2796							
1	2566							
1	2448							
1	2406							
1	3526							
1	2494							
1	2445							
1	2621							
1	2742							
1	2586							
1	2562							
1	2405							
1	2630							
1	2515							
1	2513							
1	2496							
1	2303							
1	2542							
1	2341							
1	2466							
1	2371							
1	2571							
1	2407							
1	2516							
1	2605							
1	2415							
1	2462							
1	2347							
1	2510							
1	2713							
1	2431							
1	2540							
1	3604							
1	2338							
1	2654							
1	2606							
1	2549							
1	2784							
1	2730							
1	2928							
1	2612							
1	3596							
1	2496							
1	2911							
1	3376							
1	2622							
1	2818							
1	2647							
1	2741							
1	2940							
1	2602							
1	2879							
1	2808							
1	3419							
1	2762							
1	3634							
1	2721							
1	2374							
1	2841							
1	2459							
1	2577							
1	2367							
1	2510							
1	2717							
1	2490							
1	2672							
1	2355							
1	2686							
1	3160							
1	3034							
1	3227							
1	3364							
1	2499							
1	2518							
1	2765							
1	2985							
1	3343							
1	2243							
1	2520							
1	2535							
1	2390							
1	2740							
1	2723							
1	2524							
1	2644							
1	2987							
1	2596							
1	2823							
1	2784							
1	2764							
1	2714							
1	2982							
1	2718							
1	2887							
1	2637							
1	2334							
1	2643							
1	2574							
1	2625							
1	2772							
1	2562							
1	2441							
1	2526							
1	2677							
1	2576							
1	2632							
1	2876							
1	2628							
1	2700							
1	3768							
1	2646							
1	2359							
1	3608							
1	2418							
1	2792							
1	2850							
1	2506							
1	2331							
1	2397							
1	2613							
1	2465							
1	2770							
1	2677							
1	2593							
1	2568							
1	2596							
1	2654							
1	2928							
1	2689							
1	2657							
1	2407							
1	2788							
1	2618							
1	2472							
1	2772							
1	2521							
1	2596							
1	2766							
1	2815							
1	2786							
1	2592							
1	2660							
1	2718							
1	2748							
1	2576							
1	2632							
1	2810							
1	2706							
1	2503							
1	2703							
1	2519							
1	2715							
1	2745							
1	2520							
1	2659							
1	2472							
1	2635							
1	2524							
1	2657							
1	2568							
1	2802							
1	2522							
1	2425							
1	2661							
1	2843							
1	2983							
1	2774							
1	2667							
1	2827							
1	2701							
1	2478							
1	2588							
1	2615							
1	2467							
1	3339							
1	2727							
1	2866							
1	3323							
1	3319							
1	2890							
1	3374							
1	3314							
1	2765							
1	2891							
1	3353							
1	2842							
1	3480							
1	3900							
1	3255							
1	2802							
1	2725							
1	2789							
1	3003							
1	2853							
1	2933							
1	3115							
1	2854							
1	4130							
1	2982							
1	2853							
1	2723							
1	2786							
1	3918							
1	2909							
1	2791							
1	2942							
1	3108							
1	4234							
1	3156							
1	3059							
1	2914							
1	3193							
1	3011							
1	2987							
1	2939							
1	2978							
1	3311							
1	3070							
1	3251							
1	3042							
1	2920							
1	3154							
1	3297							
1	2934							
1	3423							
1	3563							
1	3554							
1	3374							
1	2815							
1	2807							
1	3064							
1	3285							
1	3351							
1	2823							
1	2731							
1	4115							
1	2917							
1	2588							
1	2523							
1	2822							
1	3037							
1	3115							
1	2513							
1	2916							
1	2868							
1	2804							
1	2920							
1	3056							
1	2916							
1	3064							
1	3129							
1	2517							
1	3013							
1	2350							
1	3122							
1	2497							
1	2472							
1	2376							
1	2549							
1	3582							
1	2489							
1	2452							
1	2553							
1	2451							
1	2502							
1	2719							
1	2514							
1	2455							
1	2581							
1	2514							
1	2475							
1	2731							
1	2536							
1	2557							
1	2577							
1	2669							
1	2441							
1	3558							
1	2579							
1	2604							
1	2533							
1	2581							
1	2393							
1	2498							
1	2683							
1	2636							
1	2456							
1	2437							
1	2742							
1	2632							
1	2533							
1	2594							
1	2554							
1	2663							
1	2510							
1	2314							
1	2911							
1	2815							
1	2656							
1	2620							
1	2607							
1	2823							
1	2579							
1	2434							
1	2483							
1	2439							
1	2488							
1	2667							
1	2514							
1	2591							
1	2525							
1	2605							
1	2524							
1	2641							
1	2635							
1	2471							
1	2700							
1	2544							
1	2613							
1	2721							
1	2507							
1	2508							
1	2433							
1	2707							
1	2545							
1	2463							
1	2627							
1	2461							
1	2678							
1	2732							
1	2749							
1	2443							
1	2580							
1	2731							
1	2655							
1	2735							
1	3094							
1	2794							
1	2529							
1	2707							
1	2505							
1	2678							
1	2483							
1	2538							
1	2711							
1	2541							
1	2740							
1	2561							
1	2830							
1	2833							
1	2560							
1	2865							
1	2613							
1	2751							
1	2671							
1	2611							
1	2693							
1	2981							
1	3573							
1	2711							
1	2724							
1	2500							
1	2695							
1	3361							
1	2667							
1	2922							
1	2794							
1	3625							
1	3635							
1	2808							
1	3591							
1	3589							
1	2723							
1	2941							
1	2674							
1	2942							
1	2930							
1	3901							
1	2997							
1	3945							
1	3042							
1	3859							
1	3781							
1	3269							
1	2884							
1	2878							
1	2943							
1	2965							
1	2796							
1	2882							
1	2818							
1	2898							
1	2827							
1	3051							
1	2891							
1	2741							
1	3001							
1	2864							
1	2553							
1	3025							
1	2602							
1	2690							
1	3036							
1	2595							
1	2617							
1	3113							
1	3775							
1	2829							
1	3662							
1	2468							
1	2932							
1	2673							
1	2763							
1	3031							
1	2680							
1	2943							
1	3006							
1	2941							
1	2809							
1	2898							
1	2957							
1	2820							
1	3180							
1	3266							
1	2911							
1	2738							
1	2867							
1	3559							
1	5941							
1	2550							
1	2590							
1	2734							
1	2452							
1	2696							
1	2670							
1	2301							
1	2446							
1	2575							
1	2389							
1	2624							
1	2825							
1	2810							
1	2489							
1	2675							
1	2458							
1	2484							
1	2475							
1	2723							
1	2606							
1	2412							
1	2559							
1	2801							
1	2649							
1	2722							
1	2548							
1	2374							
1	2676							
1	2480							
1	3349							
1	2701							
1	3455							
1	2851							
1	2729							
1	2542							
1	2768							
1	2469							
1	2486							
1	2741							
1	2793							
1	2783							
1	2696							
1	2755							
1	2722							
1	2573							
1	2653							
1	3072							
1	2850							
1	2929							
1	2696							
1	2547							
1	2523							
1	2342							
1	2805							
1	2607							
1	2539							
1	2649							
1	2658							
1	2577							
1	2468							
1	2601							
1	2743							
1	2561							
1	2576							
1	2602							
1	2655							
1	2580							
1	2480							
1	2465							
1	2645							
1	3240							
1	3146							
1	2803							
1	2913							
1	3561							
1	3314							
1	4086							
1	3990							
1	3210							
1	3049							
1	2858							
1	2717							
1	2715							
1	3404							
1	2549							
1	2734							
1	3334							
1	2831							
1	3141							
1	2786							
1	3618							
1	2728							
1	2935							
1	2985							
1	2986							
1	3318							
1	3378							
1	2993							
1	3183							
1	3360							
1	2997							
1	3184							
1	3023							
1	3347							
1	2987							
1	3167							
1	3072							
1	2839							
1	2789							
1	2724							
1	2982							
1	3504							
1	2741							
1	3808							
1	3267							
1	3008							
1	2890							
1	2932							
1	2785							
1	2962							
1	3043							
1	2929							
1	2697							
1	2694							
1	2911							
1	3521							
1	3473							
1	3420							
1	3135							
1	3076							
1	3135							
1	2762							
1	3455							
1	2967							
1	3391							
1	3536							
1	3070							
1	3069							
1	3697							
1	3230							
1	3045							
1	3602							
1	3451							
1	3465							
1	2415							
1	2635							
1	2630							
1	2658							
1	2425							
1	2379							
1	2593							
1	2427							
1	2501							
1	2452							
1	2334							
1	2559							
1	2661							
1	2556							
1	2676							
1	2775							
1	2733							
1	2642							
1	2702							
1	2772							
1	2695							
1	2556							
1	2676							
1	2986							
1	2927							
1	2893							
1	2757							
1	2962							
1	2804							
1	2905							
1	2679							
1	3024							
1	2831							
1	3903							
1	2853							
1	2729							
1	2716							
1	2844							
1	2919							
1	2831							
1	3953							
1	2903							
1	2771							
1	2951							
1	3855							
1	2884							
1	3492							
1	3760							
1	2877							
1	2724							
1	3036							
1	2820							
1	3492							
1	3427							
1	2740							
1	2587							
1	3315							
1	2858							
1	2835							
1	2535							
1	2649							
1	3620							
1	2899							
1	2550							
1	3072							
1	2992							
1	2756							
1	2921							
1	2734							
1	3109							
1	3591							
1	3627							
1	2964							
1	3062							
1	2847							
1	2618							
1	2675							
1	2488							
1	2577							
1	2933							
1	2735							
1	2541							
1	2641							
1	2888							
1	2652							
1	2834							
1	2607							
1	3064							
1	3559							
1	2783							
1	3402							
1	2855							
1	2686							
1	2794							
1	3034							
1	3047							
1	2706							
1	3013							
1	3045							
1	2849							
1	2952							
1	2886							
1	2658							
1	2907							
1	2745							
1	3007							
1	2902							
1	2921							
1	2617							
1	2828							
1	3030							
1	2776							
1	2945							
1	3043							
1	2697							
1	3010							
1	3574							
1	3273							
1	3803							
1	3213							
1	3720							
1	3375							
1	3138							
1	3518							
1	3361							
1	3652							
1	3725							
1	3714							
1	3224							
1	4104							
1	4218							
1	3688							
1	3712							
1	3727							
1	3442							
1	3747							
1	3463							
1	3239							
1	3108							
1	3166							
1	3256							
1	3017							
1	2984							
1	3155							
1	2914							
1	3136							
1	3033							
1	3341							
1	3363							
1	3079							
1	3195							
1	2978							
1	3799							
1	3463							
1	3945							
1	3917							
1	4035							
1	3585							
1	4115							
1	4024							
1	3391							
1	3604							
1	3732							
1	3933							
1	2984							
1	3430							
1	3617							
1	4038							
1	4048							
1	3578							
1	3654							
1	3602							
1	2861							
1	3466							
1	3219							
1	3312							
1	3147							
1	3224							
1	3134							
1	2550							
1	2477							
1	2374							
1	2806							
1	2525							
1	2801							
1	2546							
1	2658							
1	2786							
1	2711							
1	2453							
1	2654							
1	2506							
1	2934							
1	2754							
1	2900							
1	2579							
1	2781							
1	2516							
1	2527							
1	2887							
1	2635							
1	2617							
1	2488							
1	2545							
1	2773							
1	3613							
1	2688							
1	2802							
1	2706							
1	2906							
1	2647							
1	2845							
1	2627							
1	2638							
1	2799							
1	3850							
1	2566							
1	2691							
1	3068							
1	2811							
1	3571							
1	3734							
1	2707							
1	2801							
1	3067							
1	2693							
1	2680							
1	2651							
1	2779							
1	2604							
1	2602							
1	2587							
1	2773							
1	2877							
1	2872							
1	3024							
1	2903							
1	2661							
1	2651							
1	3020							
1	2832							
1	2856							
1	2755							
1	2777							
1	2659							
1	2866							
1	2670							
1	2920							
1	2759							
1	2747							
1	2726							
1	2589							
1	3130							
1	2961							
1	2970							
1	2622							
1	2583							
1	2863							
1	2813							
1	2788							
1	2805							
1	2737							
1	2812							
1	2925							
1	2619							
1	3062							
1	2976							
1	2745							
1	3873							
1	3081							
1	3014							
1	2724							
1	3624							
1	3004							
1	2961							
1	2788							
1	2664							
1	3650							
1	3595							
1	3624							
1	2786							
1	3264							
1	3213							
1	2985							
1	3596							
1	3021							
1	3605							
1	3157							
1	2909							
1	3429							
1	3019							
1	2911							
1	3604							
1	3759							
1	3021							
1	2713							
1	3235							
1	3157							
1	3189							
1	3479							
1	3522							
1	2942							
1	2813							
1	3403							
1	3243							
1	2964							
1	3106							
1	3100							
1	2975							
1	2796							
1	3016							
1	2850							
1	3323							
1	3341							
1	3160							
1	3161							
1	2997							
1	2779							
1	2912							
1	3310							
1	3129							
1	3017							
1	2927							
1	3171							
1	2955							
1	3180							
1	3170							
1	3116							
1	3630							
1	3751							
1	4040							
1	3193							
1	3013							
1	3875							
1	3088							
1	3847							
1	3331							
1	3253							
1	3190							
1	3335							
1	4118							
1	3458							
1	3135							
1	3343							
1	3217							
1	2874							
1	3063							
1	3058							
1	3116							
1	3306							
1	3563							
1	4053							
1	3494							
1	3516							
1	4593							
1	3137							
1	2974							
1	2518							
1	2305							
1	2454							
1	2548							
1	2626							
1	2467							
1	2355							
1	2560							
1	2706							
1	2578							
1	2497							
1	2628							
1	2403							
1	2856							
1	2628							
1	2606							
1	2746							
1	2498							
1	2485							
1	2583							
1	2681							
1	2651							
1	2689							
1	2475							
1	2555							
1	2358							
1	2462							
1	2480							
1	2923							
1	2723							
1	2672							
1	2757							
1	2785							
1	2842							
1	2665							
1	2788							
1	2534							
1	2922							
1	2794							
1	2943							
1	2806							
1	2725							
1	2887							
1	2674							
1	2351							
1	2630							
1	2400							
1	2640							
1	2567							
1	2669							
1	2845							
1	2807							
1	2817							
1	2864							
1	2513							
1	2381							
1	2731							
1	2557							
1	2693							
1	2612							
1	2837							
1	3181							
1	2908							
1	2875							
1	2872							
1	2836							
1	2862							
1	2713							
1	2948							
1	3600							
1	2591							
1	2849							
1	2700							
1	2813							
1	2760							
1	2842							
1	2588							
1	2413							
1	2767							
1	2593							
1	2972							
1	2791							
1	2712							
1	2729							
1	2752							
1	2734							
1	2658							
1	2670							
1	2722							
1	2885							
1	2565							
1	3040							
1	3606							
1	2771							
1	2998							
1	2645							
1	3022							
1	2861							
1	2890							
1	4615							
1	2883							
1	3117							
1	2914							
1	2793							
1	3044							
1	2732							
1	2938							
1	2745							
1	2966							
1	3221							
1	2914							
1	3058							
1	3036							
1	2709							
1	3515							
1	2933							
1	3435							
1	3157							
1	3772							
1	2774							
1	3121							
1	2931							
1	3309							
1	3067							
1	3626							
1	3620							
1	2977							
1	3286							
1	3648							
1	3611							
1	3049							
1	3364							
1	3611							
1	4629							
1	4110							
1	4018							
1	4608							
1	3909							
1	5032							
1	3773							
1	3678							
1	3439							
1	3456							
1	3551							
1	2989							
1	3127							
1	3529							
1	3421							
1	3415							
1	3523							
1	3403							
1	3254							
1	3525							
1	3497							
1	2452							
1	2399							
1	2434							
1	2441							
1	2494							
1	2525							
1	2441							
1	2499							
1	2512							
1	2524							
1	2674							
1	2481							
1	2908							
1	2604							
1	2575							
1	2719							
1	2555							
1	2653							
1	2770							
1	2646							
1	2814							
1	2627							
1	2682							
1	2578							
1	2551							
1	2560							
1	2522							
1	2707							
1	2559							
1	2793							
1	2554							
1	2450							
1	2680							
1	2918							
1	3055							
1	2570							
1	2643							
1	2647							
1	2772							
1	2920							
1	2623							
1	2897							
1	2664							
1	2570							
1	2633							
1	2389							
1	2765							
1	2737							
1	2854							
1	2932							
1	3078							
1	2672							
1	2560							
1	2434							
1	2846							
1	2586							
1	2382							
1	2669							
1	2874							
1	3041							
1	2668							
1	2864							
1	2981							
1	2943							
1	2734							
1	2897							
1	2671							
1	2812							
1	2905							
1	2803							
1	3115							
1	3351							
1	2631							
1	2712							
1	2894							
1	2692							
1	3056							
1	2820							
1	2800							
1	3055							
1	2772							
1	2938							
1	2694							
1	3167							
1	2975							
1	2943							
1	2695							
1	3087							
1	3085							
1	3209							
1	2896							
1	3061							
1	3198							
1	2869							
1	3073							
1	3438							
1	3240							
1	2993							
1	3043							
1	3543							
1	2980							
1	3456							
1	3473							
1	3311							
1	3148							
1	3138							
1	3084							
1	3346							
1	2939							
1	3186							
1	3671							
1	3231							
1	3655							
1	3292							
1	3090							
1	3412							
1	3049							
1	2854							
1	2847							
1	2945							
1	2911							
1	3463							
1	3207							
1	3420							
1	3508							
1	3628							
1	3732							
1	2801							
1	2895							
1	3158							
1	3028							
1	3503							
1	3396							
1	3472							
1	3446							
1	3258							
1	3382							
1	3433							
1	2866							
1	3207							
1	3033							
1	2971							
1	5349							
1	4908							
1	5940							
1	5585							
1	5542							
1	5558							
1	5465							
1	4667							
1	4356							
1	3488							
1	2795							
2	1831							
2	2391							
2	2421							
2	2250							
2	2365							
2	2260							
2	2277							
2	3172							
2	2405							
2	3214							
2	2391							
2	2597							
2	2531							
2	2351							
2	2291							
2	2946							
2	2348							
2	2425							
2	2565							
2	2517							
2	2472							
2	2461							
2	2414							
2	2592							
2	2603							
2	2701							
2	2864							
2	2607							
2	2630							
2	2666							
2	3046							
2	2615							
2	2457							
2	2455							
2	3053							
2	2573							
2	2636							
2	2574							
2	2632							
2	2421							
2	2406							
2	2546							
2	2316							
2	2466							
2	2510							
2	2444							
2	2633							
2	2453							
2	2498							
2	2482							
2	2453							
2	2948							
2	2579							
2	2631							
2	3005							
2	2693							
2	2828							
2	3007							
2	2820							
2	3026							
2	2877							
2	2687							
2	2808							
2	2885							
2	2699							
2	2512							
2	2915							
2	3802							
2	3080							
2	3066							
2	2553							
2	3216							
2	2934							
2	2628							
2	2421							
2	2762							
2	2674							
2	2726							
2	3341							
2	2778							
2	2759							
2	2865							
2	2931							
2	2692							
2	2797							
2	2761							
2	2930							
2	2715							
2	2836							
2	2700							
2	2750							
2	3030							
2	3060							
2	2600							
2	2601							
2	2971							
2	2788							
2	2862							
2	2573							
2	2524							
2	2591							
2	2580							
2	2495							
2	2541							
2	2555							
2	2850							
2	2361							
2	2512							
2	2391							
2	2377							
2	2567							
2	2383							
2	2378							
2	2396							
2	2444							
2	2752							
2	2810							
2	3058							
2	2449							
2	2395							
2	2361							
2	2152							
2	2362							
2	2363							
2	2543							
2	2237							
2	2461							
2	2413							
2	2442							
2	2315							
2	2403							
2	2768							
2	2459							
2	2266							
2	2346							
2	2350							
2	2510							
2	2436							
2	2476							
2	2781							
2	2530							
2	2542							
2	2446							
2	2542							
2	2797							
2	2598							
2	3369							
2	2947							
2	2468							
2	2484							
2	2400							
2	2771							
2	2589							
2	2789							
2	2548							
2	2490							
2	2716							
2	2451							
2	2510							
2	2476							
2	2449							
2	2358							
2	2389							
2	2590							
2	2451							
2	2796							
2	2695							
2	2601							
2	2392							
2	2486							
2	2452							
2	2510							
2	2722							
2	3080							
2	2598							
2	2589							
2	2582							
2	2577							
2	2420							
2	2644							
2	2624							
2	2432							
2	3357							
2	2473							
2	3290							
2	2541							
2	2580							
2	2716							
2	2483							
2	2385							
2	2428							
2	2342							
2	2448							
2	2558							
2	2582							
2	2509							
2	2391							
2	2534							
2	2483							
2	2524							
2	2381							
2	2663							
2	2505							
2	2570							
2	2540							
2	2556							
2	2482							
2	2454							
2	2653							
2	2561							
2	2686							
2	2676							
2	2885							
2	2888							
2	2661							
2	2672							
2	3037							
2	2880							
2	2734							
2	2754							
2	2548							
2	2518							
2	2743							
2	2843							
2	2430							
2	2585							
2	2570							
2	2649							
2	2661							
2	2809							
2	2489							
2	2956							
2	2430							
2	2805							
2	2566							
2	3215							
2	2847							
2	2586							
2	2725							
2	2600							
2	2699							
2	2598							
2	2854							
2	2554							
2	2642							
2	2679							
2	2771							
2	2390							
2	2397							
2	2484							
2	2552							
2	2725							
2	3057							
2	3332							
2	2772							
2	3092							
2	2893							
2	2788							
2	2905							
2	2960							
2	3034							
2	2939							
2	2972							
2	2585							
2	2812							
2	2573							
2	2444							
2	2511							
2	2516							
2	2632							
2	2399							
2	3375							
2	2746							
2	2960							
2	2690							
2	2552							
2	2332							
2	3148							
2	2315							
2	2326							
2	2617							
2	2426							
2	2575							
2	2391							
2	2572							
2	2382							
2	2572							
2	2423							
2	3293							
2	2360							
2	2120							
2	2480							
2	2377							
2	2418							
2	2383							
2	2368							
2	2407							
2	2409							
2	2256							
2	2416							
2	2365							
2	2319							
2	2243							
2	2411							
2	2362							
2	2575							
2	2363							
2	2432							
2	2401							
2	2357							
2	3232							
2	2369							
2	2421							
2	2448							
2	2419							
2	2382							
2	2426							
2	2555							
2	2465							
2	2445							
2	2393							
2	2441							
2	2387							
2	3110							
2	2419							
2	2554							
2	2460							
2	2395							
2	2704							
2	2363							
2	2390							
2	2501							
2	2543							
2	2693							
2	2670							
2	3428							
2	2502							
2	2499							
2	2466							
2	2871							
2	2515							
2	2570							
2	2596							
2	2394							
2	2448							
2	2612							
2	2466							
2	2634							
2	2434							
2	2633							
2	2503							
2	2364							
2	2441							
2	2387							
2	2446							
2	2504							
2	2402							
2	2556							
2	2970							
2	2680							
2	2404							
2	2660							
2	2488							
2	2647							
2	2364							
2	2548							
2	2663							
2	2510							
2	2360							
2	2493							
2	2439							
2	2433							
2	2513							
2	3071							
2	2750							
2	2630							
2	2693							
2	2813							
2	2681							
2	2606							
2	2731							
2	2733							
2	2630							
2	2822							
2	2707							
2	2864							
2	2753							
2	2707							
2	2842							
2	2901							
2	2869							
2	2561							
2	2805							
2	2808							
2	2714							
2	2631							
2	2570							
2	2490							
2	2692							
2	2468							
2	2678							
2	2481							
2	2724							
2	2522							
2	2570							
2	2891							
2	2574							
2	2451							
2	2482							
2	2642							
2	2567							
2	2407							
2	2546							
2	2600							
2	2454							
2	2466							
2	2504							
2	2933							
2	2721							
2	2706							
2	2729							
2	2770							
2	2423							
2	2606							
2	2789							
2	2467							
2	2689							
2	2682							
2	2654							
2	2522							
2	2675							
2	2630							
2	2724							
2	2361							
2	2385							
2	2328							
2	2561							
2	2603							
2	2633							
2	2513							
2	2708							
2	2688							
2	2532							
2	2812							
2	2843							
2	2647							
2	2312							
2	2453							
2	4334							
2	2408							
2	2307							
2	2796							
2	2280							
2	3216							
2	2554							
2	2350							
2	2362							
2	2412							
2	2493							
2	2453							
2	2289							
2	2430							
2	2289							
2	2404							
2	2374							
2	2394							
2	2514							
2	2466							
2	2472							
2	2420							
2	2491							
2	2481							
2	2458							
2	2386							
2	2783							
2	2496							
2	2605							
2	2390							
2	2450							
2	2538							
2	2198							
2	2671							
2	2652							
2	2511							
2	2970							
2	2592							
2	2454							
2	2582							
2	2416							
2	2355							
2	3142							
2	2467							
2	2620							
2	2474							
2	2572							
2	2536							
2	2591							
2	2580							
2	2407							
2	3076							
2	2648							
2	2391							
2	2745							
2	3440							
2	2707							
2	2741							
2	2661							
2	2586							
2	2698							
2	2474							
2	2530							
2	2570							
2	2435							
2	2673							
2	2645							
2	2680							
2	2562							
2	2470							
2	2431							
2	2598							
2	2499							
2	2441							
2	2414							
2	2542							
2	2637							
2	2739							
2	2632							
2	2730							
2	2557							
2	2423							
2	2511							
2	2422							
2	2402							
2	2385							
2	2372							
2	2747							
2	2482							
2	2545							
2	2355							
2	2506							
2	2425							
2	2508							
2	2462							
2	2357							
2	2378							
2	2750							
2	2407							
2	2359							
2	2343							
2	2513							
2	2433							
2	2620							
2	2374							
2	2484							
2	3407							
2	2429							
2	2396							
2	2571							
2	2463							
2	2472							
2	2412							
2	2606							
2	2444							
2	2356							
2	2362							
2	2465							
2	2390							
2	2465							
2	2384							
2	2393							
2	2544							
2	2401							
2	2389							
2	2429							
2	2369							
2	2963							
2	2512							
2	2739							
2	2662							
2	2583							
2	3085							
2	2464							
2	2450							
2	2464							
2	2620							
2	2336							
2	2407							
2	5069							
2	2464							
2	2405							
2	2551							
2	2618							
2	2471							
2	2452							
2	3038							
2	2634							
2	2512							
2	2468							
2	2439							
2	2497							
2	3064							
2	2316							
2	2342							
2	2924							
2	2723							
2	3322							
2	2363							
2	2586							
2	2515							
2	2641							
2	2565							
2	2816							
2	2694							
2	2641							
2	2872							
2	2874							
2	2587							
2	2543							
2	3022							
2	2958							
2	2638							
2	3136							
2	2918							
2	3088							
2	3230							
2	3053							
2	3236							
2	3017							
2	2898							
2	2659							
2	2528							
2	2684							
2	2457							
2	2930							
2	3112							
2	3293							
2	2844							
2	3030							
2	2863							
2	3043							
2	3114							
2	3089							
2	2992							
2	3062							
2	3137							
2	3043							
2	3186							
2	2947							
2	2706							
2	2840							
2	3292							
2	3035							
2	2600							
2	3146							
2	2756							
2	2725							
2	2607							
2	2860							
2	3144							
2	3082							
2	2815							
2	2761							
2	3129							
2	2761							
2	2867							
2	2688							
2	2541							
2	2658							
2	2458							
2	2389							
2	2411							
2	2639							
2	2529							
2	2624							
2	2573							
2	2599							
2	2470							
2	2603							
2	2446							
2	2601							
2	2445							
2	2667							
2	2421							
2	2350							
2	2420							
2	2443							
2	2291							
2	2461							
2	2439							
2	2630							
2	3380							
2	2491							
2	2361							
2	2415							
2	2936							
2	2450							
2	2542							
2	2452							
2	2387							
2	2422							
2	2359							
2	2367							
2	2433							
2	2394							
2	2628							
2	2567							
2	2372							
2	2422							
2	2495							
2	2132							
2	2550							
2	3147							
2	2392							
2	2379							
2	2418							
2	2395							
2	2489							
2	2395							
2	2477							
2	2410							
2	2370							
2	2413							
2	2367							
2	2257							
2	2438							
2	2421							
2	2369							
2	2122							
2	2601							
2	2573							
2	2339							
2	3253							
2	2276							
2	2455							
2	2203							
2	2423							
2	2508							
2	2381							
2	2468							
2	2399							
2	2839							
2	2484							
2	2488							
2	3081							
2	2973							
2	2543							
2	2323							
2	3112							
2	2528							
2	2422							
2	2552							
2	2390							
2	2428							
2	2547							
2	2371							
2	2466							
2	2522							
2	2421							
2	2349							
2	2397							
2	2506							
2	2684							
2	2435							
2	2485							
2	2512							
2	2435							
2	2320							
2	2478							
2	2511							
2	2387							
2	2453							
2	2479							
2	2402							
2	2394							
2	2367							
2	2345							
2	2361							
2	2545							
2	2472							
2	2577							
2	2709							
2	2551							
2	2801							
2	2957							
2	2760							
2	2582							
2	2934							
2	2675							
2	2519							
2	2974							
2	2780							
2	2602							
2	2457							
2	3082							
2	2902							
2	2931							
2	2916							
2	3438							
2	2674							
2	2617							
2	2758							
2	2807							
2	2572							
2	2807							
2	2926							
2	2649							
2	2441							
2	2322							
2	2568							
2	2534							
2	2369							
2	2444							
2	2395							
2	2831							
2	2790							
2	2584							
2	2636							
2	2811							
2	2631							
2	2608							
2	2451							
2	2640							
2	2907							
2	2860							
2	2654							
2	3219							
2	3072							
2	2930							
2	2904							
2	3073							
2	3116							
2	2896							
2	2740							
2	2779							
2	2631							
2	2874							
2	2571							
2	2362							
2	2447							
2	2310							
2	2577							
2	2551							
2	2488							
2	2429							
2	2544							
2	2564							
2	2557							
2	2394							
2	2270							
2	2384							
2	2743							
2	2546							
2	2572							
2	2574							
2	2482							
2	2348							
2	2597							
2	2393							
2	2542							
2	3252							
2	2379							
2	2483							
2	2355							
2	2456							
2	2434							
2	2377							
2	3214							
2	2418							
2	2470							
2	2370							
2	2619							
2	2758							
2	2492							
2	2725							
2	2598							
2	2604							
2	2712							
2	2814							
2	2752							
2	2661							
2	2485							
2	2467							
2	2752							
2	2600							
2	2663							
2	2640							
2	2377							
2	2770							
2	2651							
2	2341							
2	3197							
2	2805							
2	2364							
2	2347							
2	2512							
2	2439							
2	2461							
2	2462							
2	2431							
2	2509							
2	2276							
2	2976							
2	2422							
2	2479							
2	2436							
2	2517							
2	2363							
2	2459							
2	2349							
2	2594							
2	2320							
2	2354							
2	2335							
2	2322							
2	2348							
2	2963							
2	3021							
2	2369							
2	2322							
2	2302							
2	2423							
2	2439							
2	2338							
2	2651							
2	2657							
2	2457							
2	2385							
2	2768							
2	2534							
2	2481							
2	2431							
2	2364							
2	2594							
2	2392							
2	2472							
2	2505							
2	2611							
2	2570							
2	2447							
2	2659							
2	2573							
2	2410							
2	2702							
2	2520							
2	2603							
2	2592							
2	2722							
2	2631							
2	2816							
2	2723							
2	2506							
2	2440							
2	2630							
2	2795							
2	2770							
2	2641							
2	2656							
2	2604							
2	2469							
2	2749							
2	2841							
2	2478							
2	2530							
2	2710							
2	2579							
2	2521							
2	2766							
2	2566							
2	2696							
2	2754							
2	4101							
2	2830							
2	3224							
2	3052							
2	3004							
2	2885							
2	2967							
2	3081							
2	2689							
2	2662							
2	2833							
2	3023							
2	3020							
2	3548							
2	2737							
2	2502							
2	2588							
2	2720							
2	2589							
2	2392							
2	2550							
2	2402							
2	2734							
2	2508							
2	2548							
2	3167							
2	2641							
2	2429							
2	2375							
2	2400							
2	2392							
2	2371							
2	2388							
2	2444							
2	2403							
2	2450							
2	2493							
2	2292							
2	2195							
2	2390							
2	2365							
2	2374							
2	2387							
2	2393							
2	2422							
2	2336							
2	2457							
2	2569							
2	2346							
2	2559							
2	2389							
2	2449							
2	2310							
2	2374							
2	2430							
2	2429							
2	2398							
2	2335							
2	2277							
2	2446							
2	3080							
2	2454							
2	2430							
2	2412							
2	2339							
2	2360							
2	2395							
2	2428							
2	2556							
2	2408							
2	2373							
2	2452							
2	2382							
2	2369							
2	2401							
2	2441							
2	2566							
2	2422							
2	2439							
2	2425							
2	2284							
2	2379							
2	2472							
2	2518							
2	2377							
2	2571							
2	2394							
2	2336							
2	2269							
2	2326							
2	2473							
2	2579							
2	2426							
2	2408							
2	2466							
2	2470							
2	2376							
2	2420							
2	2411							
2	2393							
2	2297							
2	2337							
2	2369							
2	2540							
2	2451							
2	2406							
2	2375							
2	2485							
2	2508							
2	2430							
2	2430							
2	2356							
2	2411							
2	2553							
2	2358							
2	2357							
2	2510							
2	2422							
2	2397							
2	2464							
2	2349							
2	2428							
2	2149							
2	2481							
2	2263							
2	2415							
2	2373							
2	3086							
2	2334							
2	2414							
2	2409							
2	2462							
2	2423							
2	2424							
2	2389							
2	2358							
2	2386							
2	2371							
2	2547							
2	2394							
2	2450							
2	2452							
2	2345							
2	2450							
2	2260							
2	2373							
2	2395							
2	2298							
2	2446							
2	2374							
2	3146							
2	2405							
2	2435							
2	2358							
2	2448							
2	2322							
2	2566							
2	2217							
2	2339							
2	2439							
2	2391							
2	2456							
2	2391							
2	2458							
2	2348							
2	2352							
2	2464							
2	2355							
2	2425							
2	2375							
2	3290							
2	2515							
2	2334							
2	2465							
2	2338							
2	2399							
2	2358							
2	2362							
2	2332							
2	2385							
2	2386							
2	2299							
2	2325							
2	2387							
2	2410							
2	2442							
2	2444							
2	2367							
2	2375							
2	2378							
2	2395							
2	2380							
2	2331							
2	2407							
2	2354							
2	2408							
2	2342							
2	2431							
2	2293							
2	2509							
2	2422							
2	2435							
2	2514							
2	2499							
2	2419							
2	2424							
2	2377							
2	2288							
2	2364							
2	2382							
2	2496							
2	2362							
2	2389							
2	2347							
2	2395							
2	2610							
2	2342							
2	2273							
2	2422							
2	2478							
2	2385							
2	2492							
2	2574							
2	2724							
2	2710							
2	3174							
2	2749							
2	2567							
2	2755							
2	2603							
2	2692							
2	2674							
2	2662							
2	2686							
2	2586							
2	2613							
2	2726							
2	2668							
2	2705							
2	2463							
2	3140							
2	2678							
2	2670							
2	2761							
2	2573							
2	2752							
2	2770							
2	2612							
2	2649							
2	2687							
2	2514							
2	2425							
2	2421							
2	2861							
2	2401							
2	2368							
2	2497							
2	2575							
2	2481							
2	2389							
2	2543							
2	2301							
2	2335							
2	2443							
2	2454							
2	2453							
2	2508							
2	2806							
2	2337							
2	2377							
2	2398							
2	2466							
2	2536							
2	2480							
2	2451							
2	3147							
2	2445							
2	2475							
2	2497							
2	2438							
2	2337							
2	2333							
2	2438							
2	2462							
2	2353							
2	2469							
2	2597							
2	2513							
2	2449							
2	2423							
2	2391							
2	2335							
2	2411							
2	2573							
2	2839							
2	2452							
2	2425							
2	2399							
2	2475							
2	2525							
2	2413							
2	2454							
2	3024							
2	2420							
2	2433							
2	2445							
2	2365							
2	2455							
2	2421							
2	2418							
2	2607							
2	2723							
2	2692							
2	2484							
2	2678							
2	2486							
2	2435							
2	2374							
2	2365							
2	2450							
2	2388							
2	2525							
2	3039							
2	2541							
2	2816							
2	2464							
2	2874							
2	2477							
2	2482							
2	2390							
2	2493							
2	2533							
2	2515							
2	2478							
2	2729							
2	2450							
2	2499							
2	2550							
2	2772							
2	2589							
2	2637							
2	2663							
2	2390							
2	2641							
2	2400							
2	2647							
2	2508							
2	2464							
2	2660							
2	2477							
2	2615							
2	2454							
2	2682							
2	2542							
2	2458							
2	2594							
2	2693							
2	2496							
2	2487							
2	2576							
2	3138							
2	2622							
2	2572							
2	2843							
2	2581							
2	2893							
2	2784							
2	2573							
2	2541							
2	2444							
2	2374							
2	2541							
2	2341							
2	2500							
2	2512							
2	2404							
2	2355							
2	2510							
2	2498							
2	2414							
2	2413							
2	2432							
2	2421							
2	2397							
2	2064							
2	2534							
2	2493							
2	2420							
2	2550							
2	2483							
2	2492							
2	2438							
2	2372							
2	2272							
2	2337							
2	2391							
2	2566							
2	2385							
2	2366							
2	2446							
2	2455							
2	2660							
2	2694							
2	3596							
2	2364							
2	2322							
2	2631							
2	2400							
2	2399							
2	2348							
2	2340							
2	2373							
2	2270							
2	2381							
2	2543							
2	2376							
2	2400							
2	2310							
2	2430							
2	2530							
2	2423							
2	2541							
2	2380							
2	2377							
2	2418							
2	3284							
2	3098							
2	2444							
2	2397							
2	2408							
2	2376							
2	2392							
2	2426							
2	2398							
2	2267							
2	2410							
2	2527							
2	2325							
2	2572							
2	2448							
2	2319							
2	2419							
2	2731							
2	2384							
2	2410							
2	2455							
2	2516							
2	2419							
2	2321							
2	2354							
2	2409							
2	2349							
2	2697							
2	2493							
2	2373							
2	2354							
2	2562							
2	2513							
2	2457							
2	2441							
2	2470							
2	2327							
2	2327							
2	2393							
2	2406							
2	2438							
2	2422							
2	2333							
2	2434							
2	2365							
2	2676							
2	2496							
2	2429							
2	2410							
2	2372							
2	2483							
2	2482							
2	2404							
2	2485							
2	2515							
2	2426							
2	2502							
2	2419							
2	2362							
2	2440							
2	2466							
2	2500							
2	2457							
2	2591							
2	2330							
2	2404							
2	2468							
2	2545							
2	2420							
2	2427							
2	2511							
2	2336							
2	2418							
2	2545							
2	2504							
2	2454							
2	2377							
2	2377							
2	2506							
2	2648							
2	2435							
2	2423							
2	2777							
2	2513							
2	2733							
2	2568							
2	2412							
2	2768							
2	2545							
2	2454							
2	2448							
2	2434							
2	2485							
2	2568							
2	2376							
2	2692							
2	2392							
2	2821							
2	2428							
2	2365							
2	2685							
2	2657							
2	2424							
2	2351							
2	2524							
2	2608							
2	2412							
2	2412							
2	3112							
2	2540							
2	2607							
2	2423							
2	2363							
2	2563							
2	2411							
2	2573							
2	2483							
2	2690							
2	2512							
2	2622							
2	2625							
2	2648							
2	2457							
2	2549							
2	2509							
2	2392							
2	2407							
2	2467							
2	2481							
2	2454							
2	2691							
2	2476							
2	2480							
2	2432							
2	2332							
2	2542							
2	2450							
2	2508							
2	2391							
2	2408							
2	2509							
2	2421							
2	2446							
2	2333							
2	2398							
2	2721							
2	2313							
2	2885							
2	2406							
2	2412							
2	2145							
2	2426							
2	2337							
2	2358							
2	2362							
2	2345							
2	2401							
2	2392							
2	2340							
2	2379							
2	2430							
2	2335							
2	2297							
2	2542							
2	2370							
2	2329							
2	3051							
2	2363							
2	2294							
2	2333							
2	2377							
2	2287							
2	2373							
2	2581							
2	2335							
2	2415							
2	2416							
2	2532							
2	2301							
2	2352							
2	2391							
2	2473							
2	2547							
2	2424							
2	2280							
2	2348							
2	2420							
2	2554							
2	2680							
2	2515							
2	2407							
2	2301							
2	2499							
2	2759							
2	2327							
2	2469							
2	2482							
2	2335							
2	2479							
2	2466							
2	2411							
2	2477							
2	2394							
2	2418							
2	2480							
2	2537							
2	2653							
2	2447							
2	2433							
2	2496							
2	2443							
2	2304							
2	2456							
2	2370							
2	2329							
2	2445							
2	2650							
2	2430							
2	2363							
2	2957							
2	2937							
2	2782							
2	3079							
2	2761							
2	2839							
2	3135							
2	2892							
2	3080							
2	3009							
2	3027							
2	3061							
2	2782							
2	2708							
2	2674							
2	3430							
2	2696							
2	2660							
2	2744							
2	2911							
2	2640							
2	2846							
2	2755							
2	2590							
2	2688							
2	2761							
2	2830							
2	2680							
2	3598							
2	2728							
2	2850							
2	2541							
2	2767							
2	2576							
2	2549							
2	2671							
2	3405							
2	2811							
2	2539							
2	2781							
2	2782							
2	2608							
2	2417							
2	2599							
2	2405							
2	2410							
2	2429							
2	2462							
2	2444							
2	2456							
2	2535							
2	2900							
2	2480							
2	2451							
2	2560							
2	2496							
2	2404							
2	2542							
2	2453							
2	2473							
2	2413							
2	2477							
2	2687							
2	2394							
2	2736							
2	2470							
2	2344							
2	2357							
2	2422							
2	2404							
2	2491							
2	2369							
2	2428							
2	2362							
2	2333							
2	2392							
2	2121							
2	2462							
2	2453							
2	2503							
2	2326							
2	2404							
2	2386							
2	3184							
2	2413							
2	2314							
2	2486							
2	2370							
2	3268							
2	2222							
2	2510							
2	2418							
2	2384							
2	2363							
2	2421							
2	2339							
2	2757							
2	2567							
2	3172							
2	2741							
2	2510							
2	2388							
2	2513							
2	2513							
2	2372							
2	2261							
2	2482							
2	2671							
2	2562							
2	2468							
2	2622							
2	2445							
2	2514							
2	2403							
2	2315							
2	2380							
2	2503							
2	2439							
2	2346							
2	2556							
2	2705							
2	2541							
2	2710							
2	2338							
2	2457							
2	2580							
2	3190							
2	2969							
2	2433							
2	2540							
2	2464							
2	2429							
2	2700							
2	2481							
2	2563							
2	2361							
2	2458							
2	2616							
2	2739							
2	2947							
2	3341							
2	2635							
2	2652							
2	2702							
2	2433							
2	2600							
2	3359							
2	2469							
2	2640							
2	2406							
2	3800							
2	2421							
2	2483							
2	2438							
2	2499							
2	2364							
2	2451							
2	2363							
2	2573							
2	2450							
2	2543							
2	2439							
2	2827							
2	2423							
2	2661							
2	2622							
2	2420							
2	2641							
2	3141							
2	3274							
2	3093							
2	2750							
2	3030							
2	2782							
2	2847							
2	2864							
2	3079							
2	2862							
2	2644							
2	2633							
2	2756							
2	3170							
2	2926							
2	3129							
2	2987							
2	2811							
2	2687							
2	3530							
2	3499							
2	3212							
2	3186							
2	3496							
2	3181							
2	3200							
2	2879							
2	3337							
2	3116							
2	3007							
2	2899							
2	3074							
2	3214							
2	2879							
2	3067							
2	3457							
2	3178							
2	2885							
2	2854							
2	3131							
2	2888							
2	2838							
2	2826							
2	2763							
2	3009							
2	3081							
2	3012							
2	2575							
2	2780							
2	2945							
2	2784							
2	3041							
2	3107							
2	2601							
2	2783							
2	2724							
2	2896							
2	2960							
2	2916							
2	2900							
2	3006							
2	2621							
2	2686							
2	2374							
2	2581							
2	2616							
2	2691							
2	2312							
2	2390							
2	2658							
2	2673							
2	2393							
2	2334							
2	2411							
2	2366							
2	2866							
2	2397							
2	2521							
2	2587							
2	2511							
2	2451							
2	2725							
2	2452							
2	2322							
2	2282							
2	2406							
2	2270							
2	2460							
2	2423							
2	2360							
2	2365							
2	3029							
2	2404							
2	2269							
2	2523							
2	2430							
2	2426							
2	2485							
2	2375							
2	2302							
2	2459							
2	2471							
2	2365							
2	2376							
2	2720							
2	2464							
2	2357							
2	2363							
2	2390							
2	2923							
2	2218							
2	2402							
2	2513							
2	2395							
2	2390							
2	2541							
2	2513							
2	2384							
2	2662							
2	2469							
2	2420							
2	2264							
2	2324							
2	2384							
2	2393							
2	2401							
2	2364							
2	2506							
2	2422							
2	2377							
2	2444							
2	2480							
2	2399							
2	2458							
2	2512							
2	2353							
2	2728							
2	2696							
2	2441							
2	2632							
2	2565							
2	2501							
2	2410							
2	2371							
2	2700							
2	2720							
2	2413							
2	2512							
2	2540							
2	3385							
2	2742							
2	2469							
2	2687							
2	2426							
2	2812							
2	2483							
2	2571							
2	2537							
2	2543							
2	2597							
2	2624							
2	2500							
2	2426							
2	2446							
2	2571							
2	2584							
2	2605							
2	2569							
2	2626							
2	2590							
2	2513							
2	2597							
2	2553							
2	2544							
2	2522							
2	2616							
2	2826							
2	2648							
2	2433							
2	2356							
2	2715							
2	2707							
2	3140							
2	2723							
2	2511							
2	2622							
2	2770							
2	2643							
2	2841							
2	2797							
2	2692							
2	2585							
2	2990							
2	2805							
2	2601							
2	2947							
2	2765							
2	2491							
2	2767							
2	3025							
2	2759							
2	2970							
2	2644							
2	3599							
2	2609							
2	2478							
2	2782							
2	2539							
2	2689							
2	2420							
2	2611							
2	2722							
2	2600							
2	2643							
2	2632							
2	2337							
2	2841							
2	2669							
2	2530							
2	2514							
2	2811							
2	2522							
2	2672							
2	2593							
2	2695							
2	2810							
2	2772							
2	2545							
2	2827							
2	2759							
2	2631							
2	2661							
2	2693							
2	2450							
2	2483							
2	2682							
2	2535							
2	2912							
2	2543							
2	2492							
2	2420							
2	2487							
2	2541							
2	2475							
2	2921							
2	2479							
2	2658							
2	2493							
2	2391							
2	2454							
2	2667							
2	2424							
2	2391							
2	2505							
2	2450							
2	2480							
2	3054							
2	2538							
2	2437							
2	2427							
2	2937							
2	2961							
2	2918							
2	2672							
2	2470							
2	2340							
2	2451							
2	2457							
2	2391							
2	2419							
2	2266							
2	2997							
2	2377							
2	2364							
2	2433							
2	2972							
2	2395							
2	2338							
2	2467							
2	3232							
2	2616							
2	2632							
2	2370							
2	2573							
2	2608							
2	3082							
2	2445							
2	2434							
2	2452							
2	2379							
2	4358							
2	2367							
2	2364							
2	2507							
2	2453							
2	2542							
2	2364							
2	2438							
2	2407							
2	2308							
2	2466							
2	2402							
2	2410							
2	2424							
2	2588							
2	2655							
2	2421							
2	2400							
2	2426							
2	2423							
2	2480							
2	2362							
2	2485							
2	2679							
2	2575							
2	2328							
2	2518							
2	3098							
2	2397							
2	2450							
2	2576							
2	2402							
2	2373							
2	2458							
2	2376							
2	2509							
2	2540							
2	2450							
2	2534							
2	2581							
2	2499							
2	2357							
2	2359							
2	2437							
2	3178							
2	2638							
2	2666							
2	2555							
2	2747							
2	2568							
2	2393							
2	2483							
2	2378							
2	2842							
2	2510							
2	2389							
2	2676							
2	2633							
2	2440							
2	2495							
2	2601							
2	2568							
2	2690							
2	2762							
2	2766							
2	2628							
2	2946							
2	2819							
2	2668							
2	2965							
2	2607							
2	2927							
2	2676							
2	2660							
2	2716							
2	2424							
2	2607							
2	2692							
2	2557							
2	2421							
2	2666							
2	2893							
2	2743							
2	2721							
2	2452							
2	2855							
2	2545							
2	2715							
2	2502							
2	2722							
2	2504							
2	2679							
2	2554							
2	2444							
2	2643							
2	2423							
2	2568							
2	2729							
2	2608							
2	2544							
2	2630							
2	2550							
2	2781							
2	2471							
2	2780							
2	2735							
2	2767							
2	3145							
2	2785							
2	2760							
2	2448							
2	2385							
2	2386							
2	2360							
2	2355							
2	2663							
2	2541							
2	2482							
2	2408							
2	2420							
2	2412							
2	2421							
2	2334							
2	2584							
2	2271							
2	3233							
2	2380							
2	2363							
2	2320							
2	2512							
2	2420							
2	2451							
2	2421							
2	2416							
2	2219							
2	2830							
2	2385							
2	2363							
2	2390							
2	2260							
2	2362							
2	2322							
2	2438							
2	2350							
2	2541							
2	2405							
2	2510							
2	2483							
2	2415							
2	2473							
2	2366							
2	2452							
2	2326							
2	2340							
2	2485							
2	2413							
2	2405							
2	2647							
2	2490							
2	2488							
2	2384							
2	2366							
2	3075							
2	2476							
2	2385							
2	2482							
2	2391							
2	2757							
2	2569							
2	2348							
2	2401							
2	2499							
2	2454							
2	2360							
2	3055							
2	2363							
2	2426							
2	2436							
2	2494							
2	2546							
2	2663							
2	2423							
2	2428							
2	2480							
2	2409							
2	2432							
2	2466							
2	2427							
2	2661							
2	2581							
2	2470							
2	2375							
2	2814							
2	2481							
2	2491							
2	2578							
2	2493							
2	2604							
2	2485							
2	2480							
2	2524							
2	2486							
2	2545							
2	2788							
2	2569							
2	3082							
2	2784							
2	2758							
2	2850							
2	2681							
2	2669							
2	3131							
2	2623							
2	2808							
2	2960							
2	2914							
2	2990							
2	3230							
2	3064							
2	3157							
2	2907							
2	2741							
2	2878							
2	2606							
2	2451							
2	2883							
2	3114							
2	3247							
2	2908							
2	2763							
2	2693							
2	2691							
2	2723							
2	2739							
2	2452							
2	2723							
2	3576							
2	2662							
2	2721							
2	2810							
2	2758							
2	2720							
2	2625							
2	2787							
2	2679							
2	2753							
2	2674							
2	2833							
2	2660							
2	2467							
2	2602							
2	2904							
2	2582							
2	2756							
2	2542							
2	2444							
2	2521							
2	2386							
2	2870							
2	2810							
2	2650							
2	2454							
2	2375							
2	2455							
2	2698							
2	2332							
2	2438							
2	3250							
2	2356							
2	2606							
2	2411							
2	2540							
2	2425							
2	2267							
2	3470							
2	3097							
2	2288							
2	2062							
2	1831							
2	2429							
2	1960							
2	2420							